0 0.101818 0.355519 0.069091 0.146104
0 0.318182 0.353896 0.072727 0.142857
0 0.550909 0.404221 0.080000 0.159091
0 0.629091 0.358766 0.080000 0.159091
0 0.843636 0.365260 0.080000 0.159091
0 0.727273 0.219156 0.065455 0.126623
0 0.950909 0.225649 0.058182 0.139610
0 0.821818 0.154221 0.058182 0.139610
0 0.649091 0.147727 0.065455 0.126623
0 0.386364 0.073052 0.060000 0.100649
0 0.419091 0.235390 0.060000 0.100649
0 0.213636 0.063312 0.060000 0.100649
0 0.274545 0.137987 0.065455 0.126623
0 0.194545 0.225649 0.065455 0.126623
0 0.120000 0.141234 0.065455 0.126623
0 0.730000 0.073052 0.060000 0.100649
0 0.908182 0.076299 0.060000 0.100649
